e: 9.0
Prims: 
Cost: 0
(0,0)  (0,0)  (0,0)  (0,0)  (0,0)  (0,0)  (0,0)  (0,0)  (0,0)  (0,0)  
Kruskals: 
Cost: 458
t's size: 8
(1,3)  (2,3)  (6,9)  (2,9)  (2,7)  (4,9)  (3,5)  (8,9)  
Cost Matrix: 
0  999  999  999  999  999  999  999  999  999  
999  0  999  2  999  999  999  999  999  999  
999  999  0  25  999  999  999  72  999  56  
999  2  25  0  999  84  999  999  999  999  
999  999  999  999  0  999  999  999  999  74  
999  999  999  84  999  0  999  999  999  999  
999  999  999  999  999  999  0  999  999  47  
999  999  72  999  999  999  999  0  999  999  
999  999  999  999  999  999  999  999  0  98  
999  999  56  999  74  999  47  999  98  0  


e: 18.0
Prims: 
Cost: 502
(6,1)  (9,1)  (5,9)  (8,5)  (3,6)  (10,3)  (4,3)  (2,4)  (7,2)  (0,0)  
Kruskals: 
Cost: 493
t's size: 9
(0,5)  (2,9)  (4,8)  (0,8)  (4,7)  (1,6)  (2,5)  (5,7)  (2,3)  
Cost Matrix: 
0  98  999  999  999  21  999  999  46  999  
98  0  999  85  999  999  68  999  999  999  
999  999  0  81  999  75  999  83  999  38  
999  85  81  0  999  999  999  999  999  999  
999  999  999  999  0  999  999  48  40  999  
21  999  75  999  999  0  999  76  59  999  
999  68  999  999  999  999  0  999  999  999  
999  999  83  999  48  76  999  0  999  999  
46  999  999  999  40  59  999  999  0  84  
999  999  38  999  999  999  999  999  84  0  


e: 27.0
Prims: 
Cost: 264
(10,1)  (6,10)  (3,6)  (7,3)  (9,7)  (8,9)  (2,3)  (5,10)  (4,8)  (0,0)  
Kruskals: 
Cost: 241
t's size: 9
(2,5)  (9,5)  (7,8)  (8,6)  (2,6)  (9,0)  (0,8)  (9,4)  (2,1)  
Cost Matrix: 
0  999  999  999  74  999  999  95  39  36  
999  0  45  999  999  999  999  999  999  999  
999  45  0  81  58  3  26  97  999  55  
999  999  81  0  76  999  999  62  82  999  
74  999  58  76  0  999  999  999  89  45  
999  999  3  999  999  0  999  999  999  9  
999  999  26  999  999  999  0  999  23  999  
95  999  97  62  999  999  999  0  15  45  
39  999  999  82  89  999  23  15  0  999  
36  999  55  999  45  9  999  45  999  0  


e: 36.0
Prims: 
Cost: 129
(2,1)  (9,1)  (4,9)  (3,9)  (8,2)  (5,8)  (7,2)  (10,7)  (6,7)  (0,0)  
Kruskals: 
Cost: 117
t's size: 9
(1,0)  (8,3)  (0,8)  (9,6)  (2,8)  (1,7)  (1,8)  (5,6)  (4,7)  
Cost Matrix: 
0  1  66  999  999  999  49  999  3  78  
1  0  999  51  999  999  36  15  24  999  
66  999  0  91  77  82  82  999  14  999  
999  51  91  0  999  62  999  999  1  999  
999  999  77  999  0  999  61  29  78  93  
999  999  82  62  999  0  25  999  999  999  
49  36  82  999  61  25  0  77  999  5  
999  15  999  999  29  999  77  0  999  999  
3  24  14  1  78  999  999  999  0  88  
78  999  999  999  93  999  5  999  88  0  


e: 45.0
Prims: 
Cost: 172
(5,1)  (8,1)  (3,8)  (9,3)  (10,9)  (6,9)  (4,10)  (2,10)  (7,1)  (0,0)  
Kruskals: 
Cost: 119
t's size: 9
(9,8)  (8,2)  (0,4)  (7,0)  (5,8)  (2,7)  (4,2)  (9,3)  (1,9)  
Cost Matrix: 
0  94  91  999  7  61  67  9  999  46  
94  0  96  94  86  999  999  75  999  40  
91  96  0  56  14  999  999  12  6  83  
999  94  56  0  32  27  90  23  999  20  
7  86  14  32  0  999  999  999  999  87  
61  999  999  27  999  0  999  46  9  76  
67  999  999  90  999  999  0  999  999  999  
9  75  12  23  999  46  999  0  999  88  
999  999  6  999  999  9  999  999  0  2  
46  40  83  20  87  76  999  88  2  0  



